Camping_Sol_48:3.3333333333333335:2.6666666666666665:272.0
Camping_Sol_46:3.0:2.6666666666666665:288.0
Camping_Sol_45:3.3333333333333335:2.3333333333333335:272.0
Camping_Sol_43:4.0:2.3333333333333335:304.0
Camping_Sol_41:3.6666666666666665:3.3333333333333335:240.0
Camping_Sol_40:3.3333333333333335:2.6666666666666665:256.0
Camping_Sol_38:3.3333333333333335:2.3333333333333335:240.0
Camping_Sol_37:3.0:4.0:240.0
Camping_Sol_36:3.3333333333333335:2.6666666666666665:240.0
Camping_Sol_35:3.6666666666666665:2.6666666666666665:240.0
Camping_Sol_34:3.3333333333333335:2.3333333333333335:272.0
Camping_Sol_31:3.3333333333333335:2.6666666666666665:208.0
Camping_Sol_29:3.6666666666666665:2.0:272.0
Camping_Sol_28:3.6666666666666665:2.6666666666666665:256.0
Camping_Sol_24:3.6666666666666665:2.6666666666666665:224.0
Camping_Sol_23:4.333333333333333:2.6666666666666665:224.0
Camping_Sol_22:3.3333333333333335:2.3333333333333335:208.0
Camping_Sol_21:3.3333333333333335:3.0:208.0
Camping_Sol_20:4.333333333333333:3.3333333333333335:256.0
Camping_Sol_19:3.6666666666666665:3.3333333333333335:272.0
Camping_Sol_18:3.6666666666666665:2.3333333333333335:240.0
Camping_Sol_16:4.0:3.3333333333333335:208.0
Camping_Sol_15:4.0:3.0:224.0
Camping_Sol_13:3.6666666666666665:3.0:208.0
Camping_Sol_12:5.333333333333333:3.0:208.0
Camping_Sol_11:4.0:3.3333333333333335:240.0
Camping_Sol_10:3.3333333333333335:3.3333333333333335:176.0
Camping_Sol_9:5.333333333333333:4.0:176.0
Camping_Sol_7:3.6666666666666665:4.0:240.0
Camping_Sol_5:103.0:4.0:240.0
Camping_Sol_2:5.0:3.0:208.0
Camping_Sol_1:6.0:4.666666666666667:192.0
