customerOrderObjectModel_Sol_12:131904.33333333334:18860.333333333332:5712.0
customerOrderObjectModel_Sol_11:134388.33333333334:20680.333333333332:5712.0
customerOrderObjectModel_Sol_10:125381.33333333333:23985.666666666668:5680.0
customerOrderObjectModel_Sol_9:125114.33333333333:20431.0:5680.0
customerOrderObjectModel_Sol_7:322671.6666666667:55551.666666666664:10864.0
customerOrderObjectModel_Sol_5:328924.6666666667:57012.0:11360.0
customerOrderObjectModel_Sol_3:165680.66666666666:52532.666666666664:11328.0
customerOrderObjectModel_Sol_1:170818.0:53491.0:10832.0
