OnlineStore_Sol_14:5.0:3.6666666666666665:336.0
OnlineStore_Sol_12:4.0:3.3333333333333335:304.0
OnlineStore_Sol_11:4.333333333333333:3.6666666666666665:304.0
OnlineStore_Sol_8:4.333333333333333:4.333333333333333:304.0
OnlineStore_Sol_7:4.333333333333333:3.3333333333333335:272.0
OnlineStore_Sol_4:4.0:3.6666666666666665:272.0
OnlineStore_Sol_3:5.666666666666667:4.333333333333333:272.0
OnlineStore_Sol_1:103.33333333333333:4.0:240.0
