Bank_Sol_63:3.3333333333333335:2.0:352.0
Bank_Sol_61:3.0:2.6666666666666665:352.0
Bank_Sol_59:4.0:2.3333333333333335:352.0
Bank_Sol_56:3.3333333333333335:2.3333333333333335:320.0
Bank_Sol_55:4.666666666666667:2.6666666666666665:320.0
Bank_Sol_53:3.6666666666666665:3.0:320.0
Bank_Sol_49:5.0:2.0:320.0
Bank_Sol_48:3.0:2.6666666666666665:320.0
Bank_Sol_46:3.3333333333333335:2.6666666666666665:320.0
Bank_Sol_44:4.0:3.6666666666666665:320.0
Bank_Sol_43:3.3333333333333335:2.0:320.0
Bank_Sol_40:3.6666666666666665:2.3333333333333335:288.0
Bank_Sol_37:3.0:2.6666666666666665:288.0
Bank_Sol_31:3.3333333333333335:3.0:288.0
Bank_Sol_30:3.3333333333333335:2.6666666666666665:288.0
Bank_Sol_28:4.0:3.0:288.0
Bank_Sol_27:3.3333333333333335:2.6666666666666665:288.0
Bank_Sol_25:4.0:3.0:320.0
Bank_Sol_23:4.333333333333333:3.3333333333333335:288.0
Bank_Sol_22:3.6666666666666665:2.3333333333333335:320.0
Bank_Sol_21:4.0:3.0:288.0
Bank_Sol_20:3.3333333333333335:2.6666666666666665:288.0
Bank_Sol_17:3.3333333333333335:4.666666666666667:288.0
Bank_Sol_16:3.6666666666666665:3.0:288.0
Bank_Sol_14:4.333333333333333:3.3333333333333335:256.0
Bank_Sol_10:3.3333333333333335:3.3333333333333335:256.0
Bank_Sol_9:4.0:2.6666666666666665:256.0
Bank_Sol_6:4.333333333333333:3.6666666666666665:256.0
Bank_Sol_5:4.333333333333333:5.0:256.0
Bank_Sol_4:8.333333333333334:3.6666666666666665:288.0
Bank_Sol_3:3.6666666666666665:3.6666666666666665:256.0
Bank_Sol_1:99.66666666666667:5.0:224.0
