CustomerOrderExtended_Sol_7:23184.666666666668:12586.333333333334:5776.0
CustomerOrderExtended_Sol_6:23317.0:13641.0:9808.0
CustomerOrderExtended_Sol_5:22589.333333333332:15402.333333333334:5744.0
CustomerOrderExtended_Sol_3:27679.666666666668:13687.0:5760.0
CustomerOrderExtended_Sol_2:22726.666666666668:12715.333333333334:5760.0
CustomerOrderExtended_Sol_1:25044.666666666668:13718.666666666666:9808.0
